Iteration: 100, Eval Loss: 5.830896377563477
Iteration: 200, Eval Loss: 4.914031982421875
